50|150|35|0|0|1|0.75|0.421455938697|0.0|0.0|151.0|110.0
50|150|45|0|0|0.25|0.05|0.371647509579|13.0|0.0|151.0|97.0
50|200|55|0|0|0.25|0.05|0.283524904215|53.0|17.0|134.0|57.0
50|150|70|0|0|0.25|0.5|0.318007662835|44.0|17.0|134.0|66.0
50|150|55|0|0|0.1|0.09|0.448275862069|2.0|9.0|142.0|108.0
50|150|55|0|0|0.3|0.05|0.306513409962|31.0|1.0|150.0|79.0
50|150|55|0|0|1.0|0.75|0.260536398467|63.0|21.0|130.0|47.0
75|200|55|0|0|1.0|0.75|0.27969348659|40.0|3.0|148.0|70.0
100|200|35|0|0|0.4|0.5|0.32183908046|33.0|7.0|144.0|77.0
100|150|35|0|0|0.4|0.5|0.222222222222|73.0|21.0|130.0|37.0
50|150|35|0|0|0.4|0.5|0.252873563218|53.0|9.0|142.0|57.0
150|200|10|0|1|0.25|0.3|0.318007662835

150|200|10|0|1|0.25|0.3|0.252873563218
Algoritmo Genetico: 0.252873563218
Matriz Confusion        Real
           |   1    81.0  37.0
 Estimado  |   0    29.0  114.0
 Mejor individuo: [array([0, 1, 1, 1, 1, 1, 1, 1, 0, 0, 0, 1, 0, 0, 1, 1, 1, 0, 1, 1, 1, 0]), 
                array([0, 1, 1, 0, 0, 0, 1, 1, 0, 0, 0, 0, 1, 1, 0, 0, 0, 1, 0, 1, 0, 0]), 
                array([0, 1, 1, 0, 1, 1, 1, 0, 1, 0, 1, 1, 0, 0, 1, 0, 1, 0, 0, 1, 0, 0]), 
                array([0, 1, 1, 1, 0, 1, 0, 1, 1, 1, 1, 0, 1, 0, 0, 1, 0, 0, 0, 1, 0, 1]),
                array([0, 0, 1, 0, 0, 0, 1, 0, 0, 0, 1, 0, 0, 0, 1, 1, 0, 1, 1, 0, 1, 1]), 
                array([1, 1, 1, 1, 0, 1, 0, 1, 1, 1, 0, 0, 1, 0, 1, 0, 1, 1, 1, 0, 0, 1]), 
                array([0, 1, 1, 1, 0, 1, 1, 0, 0, 1, 1, 1, 0, 0, 1, 1, 0, 0, 0, 1, 0, 1]), 
                array([0, 0, 0, 1, 0, 0, 1, 1, 0, 1, 1, 0, 1, 0, 0, 1, 0, 0, 0, 1, 1, 1]), 
                array([1, 0, 0, 1, 1, 1, 0, 1, 0, 0, 0, 0, 1, 1, 1, 1, 1, 0, 0, 0, 1, 1]), 
                array([1, 1, 0, 1, 1, 1, 0, 1, 0, 1, 1, 0, 0, 0, 0, 0, 0, 0, 1, 1, 0, 1])]


